a=2
y=3
c=7
calc=4*a*y/c-a*y/c
calc=4*2*3/7-2*3/7
calc=4*2*0.4285714285714286-2*0.4285714285714286
calc=3.428571428571429‬-0.8571428571428571‬
calc=2.571428571428571